10241
4097
4100
10244
20485
14341
6152
10249
2061
2063
12305
2065
6161
2071
22552
2072
6170
14359
4125
6175
20516
18475
2095
2096
2103
20536
8249
22586
8251
8250
8253
8254
20539
20541
20543
6210
4163
6211
8260
20547
10313
22603
6220
6221
2128
4178
6227
16469
20570
16476
4189
20575
20583
14445
20590
14446
4209
22646
10359
4216
22648
10362
22649
22650
4217
4222
10386
10388
2197
16544
14497
2209
4259
14499
14500
4262
2882
20649
20650
10415
4271
16562
16564
2229
2231
22711
4280
16567
2236
22718
22720
18627
10436
2249
12490
2252
10445
18639
2261
6359
16599
16600
10456
10476
10483
16628
16629
6391
18702
18703
2320
2321
20756
24853
24854
8478
20768
20773
10541
10547
8500
10561
18755
24909
24910
24925
20830
20829
22880
22881
354
358
16743
8555
363
12668
16768
16769
24968
18825
404
2453
20888
20889
20890
20891
20893
8605
20895
20897
12709
8616
4155
8620
12716
900
17590
22965
8630
22966
18872
22967
12731
8635
8638
17592
12738
12745
14794
18892
18893
12750
12751
20952
12765
10727
10728
10729
20972
10739
15243
10744
514
20994
10756
20995
20998
25095
12809
524
12813
530
2579
23060
12821
23061
533
537
21018
6681
21028
10794
6700
21046
4663
4664
14906
6729
21066
16969
16972
12878
4688
16978
12885
12886
12887
16987
5006
12903
12904
12905
12906
17003
12907
12908
12909
10856
14960
17006
23154
4724
14964
14966
10868
14967
14969
14965
10875
14970
4733
4725
4726
4736
5012
23165
4739
4741
6792
15249
17033
17032
23180
17034
23182
17039
23187
17045
6806
4757
12952
10908
10910
10912
4774
15014
17067
6828
15021
4782
4783
12975
12976
15026
15023
4788
4789
15030
4791
15032
15024
6842
4798
4799
8900
12998
6855
2760
6857
15046
6859
2991
15053
6862
6858
6864
16019
13015
2779
4828
6879
6880
4833
13986
4835
15077
2790
2791
4845
4854
6907
4860
17149
6911
4867
17167
17168
15119
23314
17170
4884
17174
17175
6937
6940
6941
6943
15136
6945
803
4911
17199
6961
17200
17201
23348
13118
13119
4927
23361
4929
6978
17217
4933
4934
2879
15169
15170
4931
6980
4941
13134
17233
15186
4961
4964
868
7014
15207
15208
19304
4965
869
2918
15213
7022
7023
2919
15210
4978
15211
15222
887
15223
15224
15225
15226
4989
15231
896
15232
15233
15235
15236
9093
9094
903
15240
13192
13193
5003
9098
17290
17294
17295
17288
2961
15250
15251
17293
17297
17302
15255
5007
920
15258
19355
15260
924
17307
927
2975
7073
5025
5027
15246
22166
934
2984
17321
938
15247
7084
15248
9134
9135
23472
23473
23474
21427
23475
2997
15285
19382
23476
23477
23478
23479
23480
23481
13246
13247
21431
19395
9156
3013
3014
13255
21446
27593
17289
15254
21448
19407
19408
19409
22176
21464
3033
19418
3038
7142
9191
3052
13295
3065
3068
3070
3071
3073
7169
21506
15368
7180
7181
15373
15375
11280
15377
11282
13232
7188
15381
13233
17428
1048
17429
15378
21543
19496
17455
11314
17462
19512
3130
21565
11330
19522
7236
7237
7238
7239
7241
7242
13387
3149
3153
17490
17492
7256
25689
9307
9308
7265
7267
11364
9318
19561
19562
9323
19563
13418
11384
19576
3195
5244
11391
19588
3204
19590
23688
15496
23692
3214
17558
17559
3224
3223
23708
7325
9375
3232
3233
9376
3240
16112
3244
15536
15537
15538
19634
15540
19636
11446
17589
5304
3256
5306
9403
3260
19645
23740
21695
17591
21697
19650
3265
21696
9404
7370
5322
5323
11469
19661
19660
3280
7375
21707
19664
7382
3290
9435
9434
3293
19677
11490
19683
18159
15590
15591
15598
3316
15604
3319
3323
3327
3328
5377
3329
15619
3338
3345
3348
13591
11546
15642
13596
13598
7455
15653
19749
3369
11563
9519
11568
11571
19768
11576
3388
3389
9537
11587
11588
11591
13642
9546
21838
3408
9557
3436
3437
11636
3460
9616
7570
5527
5528
15783
11693
11697
11699
11703
7608
7610
11710
11711
13765
11718
21960
11723
13772
11725
11728
5588
11732
11735
11736
19934
19935
19937
5606
5608
1520
5617
5618
13812
9717
13813
13814
19959
5625
19960
19963
11770
5629
13823
3587
7684
3589
26118
11784
5645
7696
22034
7699
19987
7701
19990
5656
7704
19994
19995
3612
7709
22045
7707
20003
13860
22052
7718
5671
20004
3627
1579
13871
13872
11827
13882
13883
1596
1595
3645
13888
3650
5699
7746
11851
7757
13902
7759
11857
1618
9814
1622
7770
7771
5723
20064
20065
13928
1641
22122
9836
15983
9840
1649
11887
22136
20089
22138
1659
1661
13954
7811
13955
1671
13959
20104
5771
1677
5774
1679
1680
13969
1681
22163
13972
20112
20113
20117
1688
7833
5786
16027
13980
13981
1694
20127
20128
20129
16034
1699
1698
13985
5789
9895
18080
5792
9896
7851
1708
13997
5807
18098
18099
7861
14006
7863
5819
7869
16062
5823
14014
7875
14021
16071
14028
5838
5841
5842
7893
14041
7898
5851
5852
16092
16093
7899
12000
14043
5859
16102
16103
7912
7910
24298
5868
7917
18158
16111
18160
16113
16114
16115
5874
16117
16118
18162
16116
16121
12023
7931
12024
7929
5886
7935
7941
7944
18185
18184
16140
18193
16148
18196
5908
26398
18210
18212
5929
18221
12078
12079
12080
12081
12082
12083
18231
12094
7999
18247
1865
18250
22351
18258
8019
8020
18259
8022
3929
3932
8034
8035
8036
16228
16230
18279
18277
3950
3951
16239
20348
18300
16269
10125
8081
3987
3988
16279
16285
8096
20385
8103
18346
18347
16303
12209
4022
20413
8129
8130
4036
4045
20430
12242
3248
12248
20441
6106
12250
12255
12256
22496
22500
22501
4069
2024
2025
2031
6128
6129
6131
8182
2039
2038
2043
