3073
10242
10241
10756
10244
7684
11784
21001
15373
7697
15378
15380
3605
21014
15381
7709
4125
543
13861
9253
5671
1578
3627
10795
10796
3130
8251
20540
20541
8254
20542
3648
20539
20543
20547
8259
1597
7757
13902
14926
4688
11857
4184
9307
9308
1630
4192
7265
22113
1643
19563
22126
22127
9840
22128
11378
14965
14966
10359
4216
3193
17019
1660
23165
22142
11391
7808
22143
13954
13955
4228
3204
22144
5767
22153
5771
23180
3214
13969
10386
4243
13972
22164
22163
22166
2200
12953
12951
12952
10908
22174
22175
5792
22177
13986
22176
16034
4774
3239
9896
4268
7853
4782
15021
3248
15024
15023
22195
4788
22196
11446
4791
4280
15032
6842
9403
4796
14006
10432
22720
7875
14021
12998
19655
21707
5836
11469
17612
7375
10450
13012
7893
16599
10456
16600
9434
14043
9435
19677
16093
16092
19683
4845
7917
16628
16629
16630
3319
16632
16123
16124
16125
4867
5907
5908
17174
17175
6940
6942
803
18214
3369
11562
11563
11564
11565
11566
5929
5930
6961
5931
9517
8500
9527
19768
12093
12094
19776
10561
11588
4933
6983
6987
10573
6997
6998
21845
7002
21852
4961
4965
869
21867
3436
3437
363
2927
4975
3950
4978
4979
22914
22915
22916
22917
22918
8066
15246
15247
9616
401
404
3482
8605
8096
5025
2979
12709
13232
13233
12209
22965
16310
16311
13246
13247
13765
13253
13255
12751
11728
12242
6100
5588
11734
11736
12765
12254
5604
5606
2024
10729
10730
22513
10739
6131
11770
3071
