22552
2096
2103
8249
22603
20570
4189
22648
22649
2882
16564
12490
24853
24854
18755
22880
22881
354
12668
24968
20893
12716
17590
22966
22967
17592
18892
18893
514
20998
25095
12813
6681
21028
21066
12887
12903
17006
4724
14964
4739
23182
15014
17067
12975
12976
6855
6857
15053
13015
4833
17168
15119
23314
6943
17199
17200
17201
23361
4929
6978
15186
19304
896
17302
17307
17321
9134
9135
23473
23474
23475
15285
23476
23477
23478
23479
23480
23481
21431
21446
19408
9191
21506
11280
15377
11282
19522
17492
7256
25689
19562
9323
13418
3195
19590
23688
15496
3233
16112
3244
15536
15537
17589
17591
19650
7382
11490
3316
3323
3348
15642
11587
3460
11710
11725
19934
19935
19937
5608
13812
13813
13814
13871
11827
1596
1595
3645
1622
5723
11887
20089
20104
20112
20113
20117
13981
18080
5807
7863
7869
5838
12000
16103
18158
5874
16117
12023
12024
3932
18277
16279
8103
8129
8182